function result=juanji2(picture,nsqure,j,i)
%-----------------------计算模板与灰度矩阵的卷积---------------------%
M=[0 0.00913767235 0.021840193 0.025674188 0.021840193 0.00913767235 0;0.00913767235 0.025951560 0.025984481 0.025984481 0.025984481 0.025951560   0.00913767235 ;0.021840193   0.025984481   0.025984481 0.025984481 0.025984481 0.025984481   0.021840193; 0.025674188   0.025984481   0.025984481 0.025984481 0.025984481 0.025984481   0.025674188;	0.021840193   0.025984481   0.025984481 0.025984481 0.025984481 0.025984481   0.021840193;    0.00913767235 0.025951560   0.025984481 0.025984481 0.025984481 0.025951560   0.00913767235; 0 0.00913767235 0.021840193 0.025674188 0.021840193 0.00913767235 0];%卷积模板

result=picture(j-3,i-3)^nsqure*M(1)+picture(j-2,i-3)^nsqure*M(2)+picture(j-1,i-3)^nsqure*M(3)+picture(j,i-3)^nsqure*M(4)+picture(j+1,i-3)^nsqure*M(5)+picture(j+2,i-3)^nsqure*M(6)+picture(j+3,i-3)^nsqure*M(7)+picture(j-3,i-2)^nsqure*M(8)+picture(j-2,i-2)^nsqure*M(9)+picture(j-1,i-2)^nsqure*M(10)+picture(j,i-2)^nsqure*M(11)+picture(j+1,i-2)^nsqure*M(12)+picture(j+2,i-2)^nsqure*M(13)+picture(j+3,i-2)^nsqure*M(14)+picture(j-3,i-1)^nsqure*M(15)+picture(j-2,i-1)^nsqure*M(16)+picture(j-1,i-1)^nsqure*M(17)+picture(j,i-1)^nsqure*M(18)+picture(j+1,i-1)^nsqure*M(19)+picture(j+2,i-1)^nsqure*M(20)+picture(j+3,i-1)^nsqure*M(21)+picture(j-3,i)^nsqure*M(22)+picture(j-2,i)^nsqure*M(23)+picture(j-1,i)^nsqure*M(24)+picture(j,i)^nsqure*M(25)+picture(j+1,i)^nsqure*M(26)+picture(j+2,i)^nsqure*M(27)+picture(j+3,i)^nsqure*M(28)+picture(j-3,i+1)^nsqure*M(29)+picture(j-2,i+1)^nsqure*M(30)+picture(j-1,i+1)^nsqure*M(31)+picture(j,i+1)^nsqure*M(32)+picture(j+1,i+1)^nsqure*M(33)+picture(j+2,i+1)^nsqure*M(34)+picture(j+3,i+1)^nsqure*M(35)+picture(j-3,i+2)^nsqure*M(36)+picture(j-2,i+2)^nsqure*M(37)+picture(j-1,i+2)^nsqure*M(38)+picture(j,i+2)^nsqure*M(39)+picture(j+1,i+2)^nsqure*M(40)+picture(j+2,i+2)^nsqure*M(41)+picture(j+3,i+2)^nsqure*M(42)+picture(j-3,i+3)^nsqure*M(43)+picture(j-2,i+3)^nsqure*M(44)+picture(j-1,i+3)^nsqure*M(45)+picture(j,i+3)^nsqure*M(46)+picture(j+1,i+3)^nsqure*M(47)+picture(j+2,i+3)^nsqure*M(48)+picture(j+3,i+3)^nsqure*M(49);
